{
 "cells": [
  {
   "cell_type": "code",
   "execution_count": 2,
   "metadata": {
    "collapsed": true
   },
   "outputs": [],
   "source": [
    "from IPython.core.interactiveshell import InteractiveShell\n",
    "InteractiveShell.ast_node_interactivity = \"all\"\n",
    "\n",
    "import nltk\n",
    "import re\n",
    "import string\n",
    "import csv\n",
    "from nltk.corpus import stopwords\n",
    "import pandas as pd\n",
    "import seaborn as sns\n",
    "import matplotlib.pyplot as plt\n",
    "from nltk.sentiment.vader import SentimentIntensityAnalyzer\n",
    "from nltk import tokenize\n",
    "import numpy as np\n",
    "\n"
   ]
  },
  {
   "cell_type": "code",
   "execution_count": 9,
   "metadata": {
    "scrolled": false
   },
   "outputs": [
    {
     "name": "stdout",
     "output_type": "stream",
     "text": [
      "Corellation for Microsoft\n"
     ]
    },
    {
     "data": {
      "text/html": [
       "<div>\n",
       "<style>\n",
       "    .dataframe thead tr:only-child th {\n",
       "        text-align: right;\n",
       "    }\n",
       "\n",
       "    .dataframe thead th {\n",
       "        text-align: left;\n",
       "    }\n",
       "\n",
       "    .dataframe tbody tr th {\n",
       "        vertical-align: top;\n",
       "    }\n",
       "</style>\n",
       "<table border=\"1\" class=\"dataframe\">\n",
       "  <thead>\n",
       "    <tr style=\"text-align: right;\">\n",
       "      <th></th>\n",
       "      <th>open_price</th>\n",
       "      <th>close</th>\n",
       "      <th>high</th>\n",
       "      <th>low</th>\n",
       "      <th>sentiment_words</th>\n",
       "      <th>positive</th>\n",
       "      <th>Neg</th>\n",
       "      <th>final_sentiment</th>\n",
       "    </tr>\n",
       "  </thead>\n",
       "  <tbody>\n",
       "    <tr>\n",
       "      <th>open_price</th>\n",
       "      <td>1.000000</td>\n",
       "      <td>0.544939</td>\n",
       "      <td>0.852070</td>\n",
       "      <td>0.785578</td>\n",
       "      <td>-0.006641</td>\n",
       "      <td>-0.277308</td>\n",
       "      <td>0.382258</td>\n",
       "      <td>-0.418518</td>\n",
       "    </tr>\n",
       "    <tr>\n",
       "      <th>close</th>\n",
       "      <td>0.544939</td>\n",
       "      <td>1.000000</td>\n",
       "      <td>0.787721</td>\n",
       "      <td>0.900234</td>\n",
       "      <td>0.435572</td>\n",
       "      <td>0.049116</td>\n",
       "      <td>0.011803</td>\n",
       "      <td>0.160514</td>\n",
       "    </tr>\n",
       "    <tr>\n",
       "      <th>high</th>\n",
       "      <td>0.852070</td>\n",
       "      <td>0.787721</td>\n",
       "      <td>1.000000</td>\n",
       "      <td>0.826574</td>\n",
       "      <td>0.058026</td>\n",
       "      <td>-0.174629</td>\n",
       "      <td>0.422186</td>\n",
       "      <td>-0.320750</td>\n",
       "    </tr>\n",
       "    <tr>\n",
       "      <th>low</th>\n",
       "      <td>0.785578</td>\n",
       "      <td>0.900234</td>\n",
       "      <td>0.826574</td>\n",
       "      <td>1.000000</td>\n",
       "      <td>0.385414</td>\n",
       "      <td>-0.109563</td>\n",
       "      <td>0.043473</td>\n",
       "      <td>0.000000</td>\n",
       "    </tr>\n",
       "    <tr>\n",
       "      <th>sentiment_words</th>\n",
       "      <td>-0.006641</td>\n",
       "      <td>0.435572</td>\n",
       "      <td>0.058026</td>\n",
       "      <td>0.385414</td>\n",
       "      <td>1.000000</td>\n",
       "      <td>0.399475</td>\n",
       "      <td>-0.197692</td>\n",
       "      <td>0.368514</td>\n",
       "    </tr>\n",
       "    <tr>\n",
       "      <th>positive</th>\n",
       "      <td>-0.277308</td>\n",
       "      <td>0.049116</td>\n",
       "      <td>-0.174629</td>\n",
       "      <td>-0.109563</td>\n",
       "      <td>0.399475</td>\n",
       "      <td>1.000000</td>\n",
       "      <td>-0.142243</td>\n",
       "      <td>0.339798</td>\n",
       "    </tr>\n",
       "    <tr>\n",
       "      <th>Neg</th>\n",
       "      <td>0.382258</td>\n",
       "      <td>0.011803</td>\n",
       "      <td>0.422186</td>\n",
       "      <td>0.043473</td>\n",
       "      <td>-0.197692</td>\n",
       "      <td>-0.142243</td>\n",
       "      <td>1.000000</td>\n",
       "      <td>-0.830312</td>\n",
       "    </tr>\n",
       "    <tr>\n",
       "      <th>final_sentiment</th>\n",
       "      <td>-0.418518</td>\n",
       "      <td>0.160514</td>\n",
       "      <td>-0.320750</td>\n",
       "      <td>0.000000</td>\n",
       "      <td>0.368514</td>\n",
       "      <td>0.339798</td>\n",
       "      <td>-0.830312</td>\n",
       "      <td>1.000000</td>\n",
       "    </tr>\n",
       "  </tbody>\n",
       "</table>\n",
       "</div>"
      ],
      "text/plain": [
       "                 open_price     close      high       low  sentiment_words  \\\n",
       "open_price         1.000000  0.544939  0.852070  0.785578        -0.006641   \n",
       "close              0.544939  1.000000  0.787721  0.900234         0.435572   \n",
       "high               0.852070  0.787721  1.000000  0.826574         0.058026   \n",
       "low                0.785578  0.900234  0.826574  1.000000         0.385414   \n",
       "sentiment_words   -0.006641  0.435572  0.058026  0.385414         1.000000   \n",
       "positive          -0.277308  0.049116 -0.174629 -0.109563         0.399475   \n",
       "Neg                0.382258  0.011803  0.422186  0.043473        -0.197692   \n",
       "final_sentiment   -0.418518  0.160514 -0.320750  0.000000         0.368514   \n",
       "\n",
       "                 positive       Neg  final_sentiment  \n",
       "open_price      -0.277308  0.382258        -0.418518  \n",
       "close            0.049116  0.011803         0.160514  \n",
       "high            -0.174629  0.422186        -0.320750  \n",
       "low             -0.109563  0.043473         0.000000  \n",
       "sentiment_words  0.399475 -0.197692         0.368514  \n",
       "positive         1.000000 -0.142243         0.339798  \n",
       "Neg             -0.142243  1.000000        -0.830312  \n",
       "final_sentiment  0.339798 -0.830312         1.000000  "
      ]
     },
     "execution_count": 9,
     "metadata": {},
     "output_type": "execute_result"
    },
    {
     "name": "stdout",
     "output_type": "stream",
     "text": [
      "Corellation for amazon\n"
     ]
    },
    {
     "data": {
      "text/html": [
       "<div>\n",
       "<style>\n",
       "    .dataframe thead tr:only-child th {\n",
       "        text-align: right;\n",
       "    }\n",
       "\n",
       "    .dataframe thead th {\n",
       "        text-align: left;\n",
       "    }\n",
       "\n",
       "    .dataframe tbody tr th {\n",
       "        vertical-align: top;\n",
       "    }\n",
       "</style>\n",
       "<table border=\"1\" class=\"dataframe\">\n",
       "  <thead>\n",
       "    <tr style=\"text-align: right;\">\n",
       "      <th></th>\n",
       "      <th>open_price</th>\n",
       "      <th>close</th>\n",
       "      <th>high</th>\n",
       "      <th>low</th>\n",
       "      <th>sentiment_words</th>\n",
       "      <th>positive</th>\n",
       "      <th>Neg</th>\n",
       "      <th>final_sentiment</th>\n",
       "    </tr>\n",
       "  </thead>\n",
       "  <tbody>\n",
       "    <tr>\n",
       "      <th>open_price</th>\n",
       "      <td>1.000000</td>\n",
       "      <td>0.957417</td>\n",
       "      <td>0.982683</td>\n",
       "      <td>0.975505</td>\n",
       "      <td>-0.019704</td>\n",
       "      <td>-0.077837</td>\n",
       "      <td>0.054255</td>\n",
       "      <td>-0.137329</td>\n",
       "    </tr>\n",
       "    <tr>\n",
       "      <th>close</th>\n",
       "      <td>0.957417</td>\n",
       "      <td>1.000000</td>\n",
       "      <td>0.971835</td>\n",
       "      <td>0.978027</td>\n",
       "      <td>-0.024936</td>\n",
       "      <td>-0.085361</td>\n",
       "      <td>0.009562</td>\n",
       "      <td>-0.083551</td>\n",
       "    </tr>\n",
       "    <tr>\n",
       "      <th>high</th>\n",
       "      <td>0.982683</td>\n",
       "      <td>0.971835</td>\n",
       "      <td>1.000000</td>\n",
       "      <td>0.967031</td>\n",
       "      <td>-0.034608</td>\n",
       "      <td>-0.081485</td>\n",
       "      <td>0.040123</td>\n",
       "      <td>-0.104340</td>\n",
       "    </tr>\n",
       "    <tr>\n",
       "      <th>low</th>\n",
       "      <td>0.975505</td>\n",
       "      <td>0.978027</td>\n",
       "      <td>0.967031</td>\n",
       "      <td>1.000000</td>\n",
       "      <td>0.006084</td>\n",
       "      <td>-0.060290</td>\n",
       "      <td>0.036319</td>\n",
       "      <td>-0.115426</td>\n",
       "    </tr>\n",
       "    <tr>\n",
       "      <th>sentiment_words</th>\n",
       "      <td>-0.019704</td>\n",
       "      <td>-0.024936</td>\n",
       "      <td>-0.034608</td>\n",
       "      <td>0.006084</td>\n",
       "      <td>1.000000</td>\n",
       "      <td>0.378618</td>\n",
       "      <td>-0.453957</td>\n",
       "      <td>0.250878</td>\n",
       "    </tr>\n",
       "    <tr>\n",
       "      <th>positive</th>\n",
       "      <td>-0.077837</td>\n",
       "      <td>-0.085361</td>\n",
       "      <td>-0.081485</td>\n",
       "      <td>-0.060290</td>\n",
       "      <td>0.378618</td>\n",
       "      <td>1.000000</td>\n",
       "      <td>-0.071322</td>\n",
       "      <td>0.180320</td>\n",
       "    </tr>\n",
       "    <tr>\n",
       "      <th>Neg</th>\n",
       "      <td>0.054255</td>\n",
       "      <td>0.009562</td>\n",
       "      <td>0.040123</td>\n",
       "      <td>0.036319</td>\n",
       "      <td>-0.453957</td>\n",
       "      <td>-0.071322</td>\n",
       "      <td>1.000000</td>\n",
       "      <td>-0.519515</td>\n",
       "    </tr>\n",
       "    <tr>\n",
       "      <th>final_sentiment</th>\n",
       "      <td>-0.137329</td>\n",
       "      <td>-0.083551</td>\n",
       "      <td>-0.104340</td>\n",
       "      <td>-0.115426</td>\n",
       "      <td>0.250878</td>\n",
       "      <td>0.180320</td>\n",
       "      <td>-0.519515</td>\n",
       "      <td>1.000000</td>\n",
       "    </tr>\n",
       "  </tbody>\n",
       "</table>\n",
       "</div>"
      ],
      "text/plain": [
       "                 open_price     close      high       low  sentiment_words  \\\n",
       "open_price         1.000000  0.957417  0.982683  0.975505        -0.019704   \n",
       "close              0.957417  1.000000  0.971835  0.978027        -0.024936   \n",
       "high               0.982683  0.971835  1.000000  0.967031        -0.034608   \n",
       "low                0.975505  0.978027  0.967031  1.000000         0.006084   \n",
       "sentiment_words   -0.019704 -0.024936 -0.034608  0.006084         1.000000   \n",
       "positive          -0.077837 -0.085361 -0.081485 -0.060290         0.378618   \n",
       "Neg                0.054255  0.009562  0.040123  0.036319        -0.453957   \n",
       "final_sentiment   -0.137329 -0.083551 -0.104340 -0.115426         0.250878   \n",
       "\n",
       "                 positive       Neg  final_sentiment  \n",
       "open_price      -0.077837  0.054255        -0.137329  \n",
       "close           -0.085361  0.009562        -0.083551  \n",
       "high            -0.081485  0.040123        -0.104340  \n",
       "low             -0.060290  0.036319        -0.115426  \n",
       "sentiment_words  0.378618 -0.453957         0.250878  \n",
       "positive         1.000000 -0.071322         0.180320  \n",
       "Neg             -0.071322  1.000000        -0.519515  \n",
       "final_sentiment  0.180320 -0.519515         1.000000  "
      ]
     },
     "execution_count": 9,
     "metadata": {},
     "output_type": "execute_result"
    },
    {
     "name": "stdout",
     "output_type": "stream",
     "text": [
      "Corellation for Boeing\n"
     ]
    },
    {
     "data": {
      "text/html": [
       "<div>\n",
       "<style>\n",
       "    .dataframe thead tr:only-child th {\n",
       "        text-align: right;\n",
       "    }\n",
       "\n",
       "    .dataframe thead th {\n",
       "        text-align: left;\n",
       "    }\n",
       "\n",
       "    .dataframe tbody tr th {\n",
       "        vertical-align: top;\n",
       "    }\n",
       "</style>\n",
       "<table border=\"1\" class=\"dataframe\">\n",
       "  <thead>\n",
       "    <tr style=\"text-align: right;\">\n",
       "      <th></th>\n",
       "      <th>open_price</th>\n",
       "      <th>close</th>\n",
       "      <th>high</th>\n",
       "      <th>low</th>\n",
       "      <th>sentiment_words</th>\n",
       "      <th>positive</th>\n",
       "      <th>Neg</th>\n",
       "      <th>final_sentiment</th>\n",
       "    </tr>\n",
       "  </thead>\n",
       "  <tbody>\n",
       "    <tr>\n",
       "      <th>open_price</th>\n",
       "      <td>1.000000</td>\n",
       "      <td>0.482029</td>\n",
       "      <td>0.764558</td>\n",
       "      <td>0.759419</td>\n",
       "      <td>0.206669</td>\n",
       "      <td>0.235318</td>\n",
       "      <td>-0.220465</td>\n",
       "      <td>0.375581</td>\n",
       "    </tr>\n",
       "    <tr>\n",
       "      <th>close</th>\n",
       "      <td>0.482029</td>\n",
       "      <td>1.000000</td>\n",
       "      <td>0.850233</td>\n",
       "      <td>0.875109</td>\n",
       "      <td>0.356096</td>\n",
       "      <td>0.139961</td>\n",
       "      <td>-0.527525</td>\n",
       "      <td>0.503553</td>\n",
       "    </tr>\n",
       "    <tr>\n",
       "      <th>high</th>\n",
       "      <td>0.764558</td>\n",
       "      <td>0.850233</td>\n",
       "      <td>1.000000</td>\n",
       "      <td>0.837437</td>\n",
       "      <td>0.170904</td>\n",
       "      <td>0.241061</td>\n",
       "      <td>-0.367561</td>\n",
       "      <td>0.435389</td>\n",
       "    </tr>\n",
       "    <tr>\n",
       "      <th>low</th>\n",
       "      <td>0.759419</td>\n",
       "      <td>0.875109</td>\n",
       "      <td>0.837437</td>\n",
       "      <td>1.000000</td>\n",
       "      <td>0.476676</td>\n",
       "      <td>0.175882</td>\n",
       "      <td>-0.585598</td>\n",
       "      <td>0.587740</td>\n",
       "    </tr>\n",
       "    <tr>\n",
       "      <th>sentiment_words</th>\n",
       "      <td>0.206669</td>\n",
       "      <td>0.356096</td>\n",
       "      <td>0.170904</td>\n",
       "      <td>0.476676</td>\n",
       "      <td>1.000000</td>\n",
       "      <td>0.002616</td>\n",
       "      <td>-0.588887</td>\n",
       "      <td>0.364434</td>\n",
       "    </tr>\n",
       "    <tr>\n",
       "      <th>positive</th>\n",
       "      <td>0.235318</td>\n",
       "      <td>0.139961</td>\n",
       "      <td>0.241061</td>\n",
       "      <td>0.175882</td>\n",
       "      <td>0.002616</td>\n",
       "      <td>1.000000</td>\n",
       "      <td>0.008607</td>\n",
       "      <td>0.533727</td>\n",
       "    </tr>\n",
       "    <tr>\n",
       "      <th>Neg</th>\n",
       "      <td>-0.220465</td>\n",
       "      <td>-0.527525</td>\n",
       "      <td>-0.367561</td>\n",
       "      <td>-0.585598</td>\n",
       "      <td>-0.588887</td>\n",
       "      <td>0.008607</td>\n",
       "      <td>1.000000</td>\n",
       "      <td>-0.586999</td>\n",
       "    </tr>\n",
       "    <tr>\n",
       "      <th>final_sentiment</th>\n",
       "      <td>0.375581</td>\n",
       "      <td>0.503553</td>\n",
       "      <td>0.435389</td>\n",
       "      <td>0.587740</td>\n",
       "      <td>0.364434</td>\n",
       "      <td>0.533727</td>\n",
       "      <td>-0.586999</td>\n",
       "      <td>1.000000</td>\n",
       "    </tr>\n",
       "  </tbody>\n",
       "</table>\n",
       "</div>"
      ],
      "text/plain": [
       "                 open_price     close      high       low  sentiment_words  \\\n",
       "open_price         1.000000  0.482029  0.764558  0.759419         0.206669   \n",
       "close              0.482029  1.000000  0.850233  0.875109         0.356096   \n",
       "high               0.764558  0.850233  1.000000  0.837437         0.170904   \n",
       "low                0.759419  0.875109  0.837437  1.000000         0.476676   \n",
       "sentiment_words    0.206669  0.356096  0.170904  0.476676         1.000000   \n",
       "positive           0.235318  0.139961  0.241061  0.175882         0.002616   \n",
       "Neg               -0.220465 -0.527525 -0.367561 -0.585598        -0.588887   \n",
       "final_sentiment    0.375581  0.503553  0.435389  0.587740         0.364434   \n",
       "\n",
       "                 positive       Neg  final_sentiment  \n",
       "open_price       0.235318 -0.220465         0.375581  \n",
       "close            0.139961 -0.527525         0.503553  \n",
       "high             0.241061 -0.367561         0.435389  \n",
       "low              0.175882 -0.585598         0.587740  \n",
       "sentiment_words  0.002616 -0.588887         0.364434  \n",
       "positive         1.000000  0.008607         0.533727  \n",
       "Neg              0.008607  1.000000        -0.586999  \n",
       "final_sentiment  0.533727 -0.586999         1.000000  "
      ]
     },
     "execution_count": 9,
     "metadata": {},
     "output_type": "execute_result"
    },
    {
     "name": "stdout",
     "output_type": "stream",
     "text": [
      "Corellation for Google\n"
     ]
    },
    {
     "data": {
      "text/html": [
       "<div>\n",
       "<style>\n",
       "    .dataframe thead tr:only-child th {\n",
       "        text-align: right;\n",
       "    }\n",
       "\n",
       "    .dataframe thead th {\n",
       "        text-align: left;\n",
       "    }\n",
       "\n",
       "    .dataframe tbody tr th {\n",
       "        vertical-align: top;\n",
       "    }\n",
       "</style>\n",
       "<table border=\"1\" class=\"dataframe\">\n",
       "  <thead>\n",
       "    <tr style=\"text-align: right;\">\n",
       "      <th></th>\n",
       "      <th>open_price</th>\n",
       "      <th>close</th>\n",
       "      <th>high</th>\n",
       "      <th>low</th>\n",
       "      <th>sentiment_words</th>\n",
       "      <th>positive</th>\n",
       "      <th>Neg</th>\n",
       "      <th>final_sentiment</th>\n",
       "    </tr>\n",
       "  </thead>\n",
       "  <tbody>\n",
       "    <tr>\n",
       "      <th>open_price</th>\n",
       "      <td>1.000000</td>\n",
       "      <td>0.062785</td>\n",
       "      <td>0.973172</td>\n",
       "      <td>0.257732</td>\n",
       "      <td>0.222357</td>\n",
       "      <td>-0.012613</td>\n",
       "      <td>-0.192300</td>\n",
       "      <td>0.182600</td>\n",
       "    </tr>\n",
       "    <tr>\n",
       "      <th>close</th>\n",
       "      <td>0.062785</td>\n",
       "      <td>1.000000</td>\n",
       "      <td>0.289709</td>\n",
       "      <td>0.925113</td>\n",
       "      <td>0.287729</td>\n",
       "      <td>-0.001641</td>\n",
       "      <td>-0.109839</td>\n",
       "      <td>-0.088539</td>\n",
       "    </tr>\n",
       "    <tr>\n",
       "      <th>high</th>\n",
       "      <td>0.973172</td>\n",
       "      <td>0.289709</td>\n",
       "      <td>1.000000</td>\n",
       "      <td>0.466415</td>\n",
       "      <td>0.279556</td>\n",
       "      <td>-0.015867</td>\n",
       "      <td>-0.202404</td>\n",
       "      <td>0.148225</td>\n",
       "    </tr>\n",
       "    <tr>\n",
       "      <th>low</th>\n",
       "      <td>0.257732</td>\n",
       "      <td>0.925113</td>\n",
       "      <td>0.466415</td>\n",
       "      <td>1.000000</td>\n",
       "      <td>0.312071</td>\n",
       "      <td>-0.054672</td>\n",
       "      <td>-0.031826</td>\n",
       "      <td>-0.141448</td>\n",
       "    </tr>\n",
       "    <tr>\n",
       "      <th>sentiment_words</th>\n",
       "      <td>0.222357</td>\n",
       "      <td>0.287729</td>\n",
       "      <td>0.279556</td>\n",
       "      <td>0.312071</td>\n",
       "      <td>1.000000</td>\n",
       "      <td>0.076174</td>\n",
       "      <td>-0.554367</td>\n",
       "      <td>0.327327</td>\n",
       "    </tr>\n",
       "    <tr>\n",
       "      <th>positive</th>\n",
       "      <td>-0.012613</td>\n",
       "      <td>-0.001641</td>\n",
       "      <td>-0.015867</td>\n",
       "      <td>-0.054672</td>\n",
       "      <td>0.076174</td>\n",
       "      <td>1.000000</td>\n",
       "      <td>-0.005198</td>\n",
       "      <td>0.388550</td>\n",
       "    </tr>\n",
       "    <tr>\n",
       "      <th>Neg</th>\n",
       "      <td>-0.192300</td>\n",
       "      <td>-0.109839</td>\n",
       "      <td>-0.202404</td>\n",
       "      <td>-0.031826</td>\n",
       "      <td>-0.554367</td>\n",
       "      <td>-0.005198</td>\n",
       "      <td>1.000000</td>\n",
       "      <td>-0.684869</td>\n",
       "    </tr>\n",
       "    <tr>\n",
       "      <th>final_sentiment</th>\n",
       "      <td>0.182600</td>\n",
       "      <td>-0.088539</td>\n",
       "      <td>0.148225</td>\n",
       "      <td>-0.141448</td>\n",
       "      <td>0.327327</td>\n",
       "      <td>0.388550</td>\n",
       "      <td>-0.684869</td>\n",
       "      <td>1.000000</td>\n",
       "    </tr>\n",
       "  </tbody>\n",
       "</table>\n",
       "</div>"
      ],
      "text/plain": [
       "                 open_price     close      high       low  sentiment_words  \\\n",
       "open_price         1.000000  0.062785  0.973172  0.257732         0.222357   \n",
       "close              0.062785  1.000000  0.289709  0.925113         0.287729   \n",
       "high               0.973172  0.289709  1.000000  0.466415         0.279556   \n",
       "low                0.257732  0.925113  0.466415  1.000000         0.312071   \n",
       "sentiment_words    0.222357  0.287729  0.279556  0.312071         1.000000   \n",
       "positive          -0.012613 -0.001641 -0.015867 -0.054672         0.076174   \n",
       "Neg               -0.192300 -0.109839 -0.202404 -0.031826        -0.554367   \n",
       "final_sentiment    0.182600 -0.088539  0.148225 -0.141448         0.327327   \n",
       "\n",
       "                 positive       Neg  final_sentiment  \n",
       "open_price      -0.012613 -0.192300         0.182600  \n",
       "close           -0.001641 -0.109839        -0.088539  \n",
       "high            -0.015867 -0.202404         0.148225  \n",
       "low             -0.054672 -0.031826        -0.141448  \n",
       "sentiment_words  0.076174 -0.554367         0.327327  \n",
       "positive         1.000000 -0.005198         0.388550  \n",
       "Neg             -0.005198  1.000000        -0.684869  \n",
       "final_sentiment  0.388550 -0.684869         1.000000  "
      ]
     },
     "execution_count": 9,
     "metadata": {},
     "output_type": "execute_result"
    },
    {
     "name": "stdout",
     "output_type": "stream",
     "text": [
      "Corellation for Facebook\n"
     ]
    },
    {
     "data": {
      "text/html": [
       "<div>\n",
       "<style>\n",
       "    .dataframe thead tr:only-child th {\n",
       "        text-align: right;\n",
       "    }\n",
       "\n",
       "    .dataframe thead th {\n",
       "        text-align: left;\n",
       "    }\n",
       "\n",
       "    .dataframe tbody tr th {\n",
       "        vertical-align: top;\n",
       "    }\n",
       "</style>\n",
       "<table border=\"1\" class=\"dataframe\">\n",
       "  <thead>\n",
       "    <tr style=\"text-align: right;\">\n",
       "      <th></th>\n",
       "      <th>open_price</th>\n",
       "      <th>close</th>\n",
       "      <th>high</th>\n",
       "      <th>low</th>\n",
       "      <th>sentiment_words</th>\n",
       "      <th>positive</th>\n",
       "      <th>Neg</th>\n",
       "      <th>final_sentiment</th>\n",
       "    </tr>\n",
       "  </thead>\n",
       "  <tbody>\n",
       "    <tr>\n",
       "      <th>open_price</th>\n",
       "      <td>1.000000</td>\n",
       "      <td>0.653272</td>\n",
       "      <td>0.895799</td>\n",
       "      <td>0.892316</td>\n",
       "      <td>0.019551</td>\n",
       "      <td>0.023352</td>\n",
       "      <td>-0.238966</td>\n",
       "      <td>0.251410</td>\n",
       "    </tr>\n",
       "    <tr>\n",
       "      <th>close</th>\n",
       "      <td>0.653272</td>\n",
       "      <td>1.000000</td>\n",
       "      <td>0.845890</td>\n",
       "      <td>0.872902</td>\n",
       "      <td>-0.036623</td>\n",
       "      <td>0.052980</td>\n",
       "      <td>-0.067298</td>\n",
       "      <td>0.132772</td>\n",
       "    </tr>\n",
       "    <tr>\n",
       "      <th>high</th>\n",
       "      <td>0.895799</td>\n",
       "      <td>0.845890</td>\n",
       "      <td>1.000000</td>\n",
       "      <td>0.906610</td>\n",
       "      <td>-0.028072</td>\n",
       "      <td>0.011617</td>\n",
       "      <td>-0.140369</td>\n",
       "      <td>0.216398</td>\n",
       "    </tr>\n",
       "    <tr>\n",
       "      <th>low</th>\n",
       "      <td>0.892316</td>\n",
       "      <td>0.872902</td>\n",
       "      <td>0.906610</td>\n",
       "      <td>1.000000</td>\n",
       "      <td>0.002555</td>\n",
       "      <td>0.050968</td>\n",
       "      <td>-0.145860</td>\n",
       "      <td>0.178249</td>\n",
       "    </tr>\n",
       "    <tr>\n",
       "      <th>sentiment_words</th>\n",
       "      <td>0.019551</td>\n",
       "      <td>-0.036623</td>\n",
       "      <td>-0.028072</td>\n",
       "      <td>0.002555</td>\n",
       "      <td>1.000000</td>\n",
       "      <td>0.179664</td>\n",
       "      <td>-0.558750</td>\n",
       "      <td>0.321398</td>\n",
       "    </tr>\n",
       "    <tr>\n",
       "      <th>positive</th>\n",
       "      <td>0.023352</td>\n",
       "      <td>0.052980</td>\n",
       "      <td>0.011617</td>\n",
       "      <td>0.050968</td>\n",
       "      <td>0.179664</td>\n",
       "      <td>1.000000</td>\n",
       "      <td>-0.158105</td>\n",
       "      <td>0.272358</td>\n",
       "    </tr>\n",
       "    <tr>\n",
       "      <th>Neg</th>\n",
       "      <td>-0.238966</td>\n",
       "      <td>-0.067298</td>\n",
       "      <td>-0.140369</td>\n",
       "      <td>-0.145860</td>\n",
       "      <td>-0.558750</td>\n",
       "      <td>-0.158105</td>\n",
       "      <td>1.000000</td>\n",
       "      <td>-0.720486</td>\n",
       "    </tr>\n",
       "    <tr>\n",
       "      <th>final_sentiment</th>\n",
       "      <td>0.251410</td>\n",
       "      <td>0.132772</td>\n",
       "      <td>0.216398</td>\n",
       "      <td>0.178249</td>\n",
       "      <td>0.321398</td>\n",
       "      <td>0.272358</td>\n",
       "      <td>-0.720486</td>\n",
       "      <td>1.000000</td>\n",
       "    </tr>\n",
       "  </tbody>\n",
       "</table>\n",
       "</div>"
      ],
      "text/plain": [
       "                 open_price     close      high       low  sentiment_words  \\\n",
       "open_price         1.000000  0.653272  0.895799  0.892316         0.019551   \n",
       "close              0.653272  1.000000  0.845890  0.872902        -0.036623   \n",
       "high               0.895799  0.845890  1.000000  0.906610        -0.028072   \n",
       "low                0.892316  0.872902  0.906610  1.000000         0.002555   \n",
       "sentiment_words    0.019551 -0.036623 -0.028072  0.002555         1.000000   \n",
       "positive           0.023352  0.052980  0.011617  0.050968         0.179664   \n",
       "Neg               -0.238966 -0.067298 -0.140369 -0.145860        -0.558750   \n",
       "final_sentiment    0.251410  0.132772  0.216398  0.178249         0.321398   \n",
       "\n",
       "                 positive       Neg  final_sentiment  \n",
       "open_price       0.023352 -0.238966         0.251410  \n",
       "close            0.052980 -0.067298         0.132772  \n",
       "high             0.011617 -0.140369         0.216398  \n",
       "low              0.050968 -0.145860         0.178249  \n",
       "sentiment_words  0.179664 -0.558750         0.321398  \n",
       "positive         1.000000 -0.158105         0.272358  \n",
       "Neg             -0.158105  1.000000        -0.720486  \n",
       "final_sentiment  0.272358 -0.720486         1.000000  "
      ]
     },
     "execution_count": 9,
     "metadata": {},
     "output_type": "execute_result"
    }
   ],
   "source": [
    "a=[]\n",
    "#Opening the file and reading data\n",
    "with open('final_data2.csv', \"r\",encoding=\"Latin1\") as f:\n",
    "    data=csv.reader(f, delimiter=',')\n",
    "    Date,News,Company,Sentiment,Open,High,Low,Close,Volume=zip(*data)\n",
    "\n",
    "    \n",
    "date=list(Date[1:])\n",
    "news=list(News[1:])\n",
    "sent=list(Sentiment[1:])\n",
    "company=list(Company[1:])\n",
    "open_price=list(Open[1:])\n",
    "high=list(High[1:])\n",
    "low=list(Low[1:])\n",
    "close=list(Close[1:])\n",
    "volume=list(Volume[1:])\n",
    "    \n",
    "    \n",
    "#     for row[1] in data:\n",
    "#         a.append(row[1])\n",
    "sentiment_new=[]\n",
    "#NLTK Sentiment Analyzer - Vader\n",
    "sid = SentimentIntensityAnalyzer()\n",
    "for news1 in news:\n",
    "    ss = sid.polarity_scores(news1)\n",
    "    sentiment_new.append(ss)\n",
    "\n",
    "negative = [val['neg'] for val in sentiment_new]\n",
    "positive = [val['pos'] for val in sentiment_new]\n",
    "neutral = [val['neu'] for val in sentiment_new]\n",
    "compound = [val['compound'] for val in sentiment_new]\n",
    "\n",
    "#Creating a dataset of the complete data and the sentiment found above\n",
    "data1 = {'date':date,'news':news,'sentiment_words':sent,'open_price':open_price,'high':high,'low':low,'close':close,'volume':volume,'Neg':negative,'positive':positive,'company':company}\n",
    "df_senti = pd.DataFrame(data1)\n",
    "cols = df_senti.columns.tolist()\n",
    "cols1 = [ 'date','company','news','open_price', 'close', 'high', 'low', 'volume', 'sentiment_words', 'positive','Neg']\n",
    "df_senti=df_senti[cols1]\n",
    "df_senti['sentiment_nltk'] = df_senti[['positive','Neg']].idxmax(axis=1)\n",
    "df_senti['final_sentiment'] = np.where(df_senti['sentiment_nltk']=='positive', 2, 1)\n",
    "#df_senti.to_csv('final_data_new_sentiment.csv')\n",
    "\n",
    "#Changing the format of numbers to numeric for corellation to work\n",
    "df_senti[['open_price','close','high','low','sentiment_words','final_sentiment']] = df_senti[['open_price','close','high','low','sentiment_words','final_sentiment']].apply(pd.to_numeric)\n",
    "\n",
    "#Changing format of date to plot the sentiments \n",
    "df_senti['date'] =  pd.to_datetime(df_senti['date'])\n",
    "\n",
    "#Getting corellation for all the companies \n",
    "list_to_use1 = ['Microsoft','amazon','Boeing','Google','Facebook']\n",
    "for company in list_to_use1:\n",
    "    data_use = df_senti[df_senti['company'] == company.lower()]\n",
    "    print(\"Corellation for \" + company)\n",
    "    data_use.corr()\n",
    "\n",
    "    \n"
   ]
  },
  {
   "cell_type": "code",
   "execution_count": 10,
   "metadata": {},
   "outputs": [
    {
     "data": {
      "text/plain": [
       "'C:\\\\Users\\\\shrey\\\\OneDrive\\\\Desktop\\\\seaktop\\\\660 Web\\\\proj_final\\\\Web analytics Final\\\\Python Code'"
      ]
     },
     "execution_count": 10,
     "metadata": {},
     "output_type": "execute_result"
    }
   ],
   "source": [
    "pwd"
   ]
  },
  {
   "cell_type": "code",
   "execution_count": 5,
   "metadata": {},
   "outputs": [
    {
     "name": "stdout",
     "output_type": "stream",
     "text": [
      "                       close  final_sentiment  sentiment_words\n",
      "company   date                                                \n",
      "amazon    2018-02-20  1468.0         2.000000         1.500000\n",
      "          2018-02-21  1483.0         2.000000         2.000000\n",
      "          2018-02-22  1485.0         2.000000         2.000000\n",
      "          2018-02-23  1500.0         2.000000         2.000000\n",
      "          2018-02-26  1522.0         2.000000         1.500000\n",
      "          2018-02-27  1512.0         1.800000         1.200000\n",
      "          2018-03-02  1500.0         2.000000         1.000000\n",
      "          2018-03-05  1524.0         2.000000         1.000000\n",
      "          2018-03-06  1538.0         2.000000         1.555556\n",
      "          2018-03-07  1545.0         2.000000         1.625000\n",
      "          2018-03-08  1552.0         2.000000         1.714286\n",
      "          2018-03-09  1579.0         2.000000         1.500000\n",
      "          2018-03-12  1598.0         2.000000         1.333333\n",
      "          2018-03-13  1588.0         2.000000         1.500000\n",
      "          2018-03-14  1591.0         2.000000         1.600000\n",
      "          2018-03-15  1582.0         1.500000         1.333333\n",
      "boeing    2018-03-01   350.0         2.000000         1.000000\n",
      "          2018-03-02   345.0         2.000000         1.500000\n",
      "          2018-03-05   353.0         1.800000         1.200000\n",
      "          2018-03-06   349.0         2.000000         1.666667\n",
      "          2018-03-07   347.0         2.000000         1.714286\n",
      "          2018-03-08   349.0         2.000000         2.000000\n",
      "          2018-03-09   355.0         2.000000         2.000000\n",
      "          2018-03-13   339.0         2.000000         1.666667\n",
      "          2018-03-14   330.0         1.400000         1.000000\n",
      "          2018-03-15   330.0         1.500000         1.000000\n",
      "facebook  2018-02-20   176.0         1.666667         1.333333\n",
      "          2018-02-21   178.0         1.500000         1.500000\n",
      "          2018-02-22   179.0         1.000000         1.000000\n",
      "          2018-02-23   183.0         2.000000         1.500000\n",
      "...                      ...              ...              ...\n",
      "          2018-03-08   182.0         2.000000         1.000000\n",
      "          2018-03-09   185.0         1.833333         1.333333\n",
      "          2018-03-12   185.0         1.666667         1.666667\n",
      "          2018-03-13   182.0         2.000000         1.400000\n",
      "          2018-03-14   184.0         1.666667         1.000000\n",
      "          2018-03-15   184.0         2.000000         1.600000\n",
      "google    2018-03-12  1166.0         1.857143         1.714286\n",
      "          2018-03-13  1140.0         2.000000         1.400000\n",
      "          2018-03-14  1149.0         1.714286         1.285714\n",
      "          2018-03-15  1151.0         2.000000         1.333333\n",
      "microsoft 2018-03-01    93.0         2.000000         1.000000\n",
      "          2018-03-05    94.0         2.000000         2.000000\n",
      "          2018-03-06    93.0         2.000000         1.500000\n",
      "          2018-03-08    94.0         2.000000         2.000000\n",
      "          2018-03-09    97.0         2.000000         1.666667\n",
      "          2018-03-12    97.0         2.000000         2.000000\n",
      "          2018-03-13    94.0         1.333333         1.000000\n",
      "          2018-03-15    94.0         2.000000         1.333333\n",
      "netflix   2018-02-22   278.0         2.000000         1.000000\n",
      "          2018-02-27   291.0         2.000000         1.000000\n",
      "          2018-02-28   291.0         2.000000         1.000000\n",
      "          2018-03-05   315.0         2.000000         1.000000\n",
      "          2018-03-06   325.0         2.000000         1.666667\n",
      "          2018-03-07   321.0         2.000000         2.000000\n",
      "          2018-03-08   317.0         2.000000         2.000000\n",
      "          2018-03-09   331.0         2.000000         1.600000\n",
      "          2018-03-12   321.0         2.000000         1.666667\n",
      "          2018-03-13   316.0         2.000000         2.000000\n",
      "          2018-03-14   322.0         2.000000         2.000000\n",
      "          2018-03-15   321.0         2.000000         1.500000\n",
      "\n",
      "[68 rows x 3 columns]\n"
     ]
    }
   ],
   "source": [
    "#Using Groupby to plot the graphs of new found sentiment \n",
    "data_grpby = df_senti.groupby(['company','date'])['close','final_sentiment','sentiment_words'].mean()\n",
    "print(data_grpby)"
   ]
  },
  {
   "cell_type": "code",
   "execution_count": 6,
   "metadata": {
    "scrolled": false
   },
   "outputs": [
    {
     "data": {
      "text/plain": [
       "[<matplotlib.lines.Line2D at 0x2742c1784a8>]"
      ]
     },
     "execution_count": 6,
     "metadata": {},
     "output_type": "execute_result"
    },
    {
     "data": {
      "text/plain": [
       "Text(0.5,0,'Date')"
      ]
     },
     "execution_count": 6,
     "metadata": {},
     "output_type": "execute_result"
    },
    {
     "data": {
      "text/plain": [
       "Text(0,0.5,'Close_Price')"
      ]
     },
     "execution_count": 6,
     "metadata": {},
     "output_type": "execute_result"
    },
    {
     "data": {
      "text/plain": [
       "[<matplotlib.lines.Line2D at 0x2742c2ea160>]"
      ]
     },
     "execution_count": 6,
     "metadata": {},
     "output_type": "execute_result"
    },
    {
     "data": {
      "text/plain": [
       "Text(0,0.5,'Sentiment_words')"
      ]
     },
     "execution_count": 6,
     "metadata": {},
     "output_type": "execute_result"
    },
    {
     "name": "stdout",
     "output_type": "stream",
     "text": [
      "Microsoft\n"
     ]
    },
    {
     "data": {
