{
 "cells": [
  {
   "cell_type": "code",
   "execution_count": 28,
   "metadata": {},
   "outputs": [],
   "source": [
    "from IPython.core.interactiveshell import InteractiveShell\n",
    "InteractiveShell.ast_node_interactivity = \"all\"\n",
    "\n",
    "import nltk\n",
    "import re\n",
    "import string\n",
    "import csv\n",
    "from nltk.corpus import stopwords\n",
    "import pandas as pd\n",
    "import seaborn as sns\n",
    "import matplotlib.pyplot as plt\n",
    "from nltk.sentiment.vader import SentimentIntensityAnalyzer\n",
    "from nltk import tokenize\n",
    "import numpy as np\n",
    "\n"
   ]
  },
  {
   "cell_type": "code",
   "execution_count": 29,
   "metadata": {},
   "outputs": [
    {
     "name": "stdout",
     "output_type": "stream",
     "text": [
      "Corellation for Wells fargo\n"
     ]
    },
    {
     "data": {
      "text/html": [
       "<div>\n",
       "<style>\n",
       "    .dataframe thead tr:only-child th {\n",
       "        text-align: right;\n",
       "    }\n",
       "\n",
       "    .dataframe thead th {\n",
       "        text-align: left;\n",
       "    }\n",
       "\n",
       "    .dataframe tbody tr th {\n",
       "        vertical-align: top;\n",
       "    }\n",
       "</style>\n",
       "<table border=\"1\" class=\"dataframe\">\n",
       "  <thead>\n",
       "    <tr style=\"text-align: right;\">\n",
       "      <th></th>\n",
       "      <th>open_price</th>\n",
       "      <th>Last</th>\n",
       "      <th>high</th>\n",
       "      <th>low</th>\n",
       "      <th>Neg</th>\n",
       "      <th>positive</th>\n",
       "      <th>sentiment_words</th>\n",
       "      <th>final_sentiment</th>\n",
       "    </tr>\n",
       "  </thead>\n",
       "  <tbody>\n",
       "    <tr>\n",
       "      <th>open_price</th>\n",
       "      <td>1.000000</td>\n",
       "      <td>0.944223</td>\n",
       "      <td>0.978691</td>\n",
       "      <td>0.978479</td>\n",
       "      <td>0.226359</td>\n",
       "      <td>0.299955</td>\n",
       "      <td>-0.313309</td>\n",
       "      <td>0.045647</td>\n",
       "    </tr>\n",
       "    <tr>\n",
       "      <th>Last</th>\n",
       "      <td>0.944223</td>\n",
       "      <td>1.000000</td>\n",
       "      <td>0.975021</td>\n",
       "      <td>0.979709</td>\n",
       "      <td>0.243966</td>\n",
       "      <td>0.290895</td>\n",
       "      <td>-0.316069</td>\n",
       "      <td>-0.009868</td>\n",
       "    </tr>\n",
       "    <tr>\n",
       "      <th>high</th>\n",
       "      <td>0.978691</td>\n",
       "      <td>0.975021</td>\n",
       "      <td>1.000000</td>\n",
       "      <td>0.981187</td>\n",
       "      <td>0.266838</td>\n",
       "      <td>0.330801</td>\n",
       "      <td>-0.339162</td>\n",
       "      <td>0.000097</td>\n",
       "    </tr>\n",
       "    <tr>\n",
       "      <th>low</th>\n",
       "      <td>0.978479</td>\n",
       "      <td>0.979709</td>\n",
       "      <td>0.981187</td>\n",
       "      <td>1.000000</td>\n",
       "      <td>0.219390</td>\n",
       "      <td>0.284936</td>\n",
       "      <td>-0.352950</td>\n",
       "      <td>0.008623</td>\n",
       "    </tr>\n",
       "    <tr>\n",
       "      <th>Neg</th>\n",
       "      <td>0.226359</td>\n",
       "      <td>0.243966</td>\n",
       "      <td>0.266838</td>\n",
       "      <td>0.219390</td>\n",
       "      <td>1.000000</td>\n",
       "      <td>-0.053288</td>\n",
       "      <td>0.121639</td>\n",
       "      <td>-0.689320</td>\n",
       "    </tr>\n",
       "    <tr>\n",
       "      <th>positive</th>\n",
       "      <td>0.299955</td>\n",
       "      <td>0.290895</td>\n",
       "      <td>0.330801</td>\n",
       "      <td>0.284936</td>\n",
       "      <td>-0.053288</td>\n",
       "      <td>1.000000</td>\n",
       "      <td>-0.235923</td>\n",
       "      <td>0.411226</td>\n",
       "    </tr>\n",
       "    <tr>\n",
       "      <th>sentiment_words</th>\n",
       "      <td>-0.313309</td>\n",
       "      <td>-0.316069</td>\n",
       "      <td>-0.339162</td>\n",
       "      <td>-0.352950</td>\n",
       "      <td>0.121639</td>\n",
       "      <td>-0.235923</td>\n",
       "      <td>1.000000</td>\n",
       "      <td>-0.103980</td>\n",
       "    </tr>\n",
       "    <tr>\n",
       "      <th>final_sentiment</th>\n",
       "      <td>0.045647</td>\n",
       "      <td>-0.009868</td>\n",
       "      <td>0.000097</td>\n",
       "      <td>0.008623</td>\n",
       "      <td>-0.689320</td>\n",
       "      <td>0.411226</td>\n",
       "      <td>-0.103980</td>\n",
       "      <td>1.000000</td>\n",
       "    </tr>\n",
       "  </tbody>\n",
       "</table>\n",
       "</div>"
      ],
      "text/plain": [
       "                 open_price      Last      high       low       Neg  positive  \\\n",
       "open_price         1.000000  0.944223  0.978691  0.978479  0.226359  0.299955   \n",
       "Last               0.944223  1.000000  0.975021  0.979709  0.243966  0.290895   \n",
       "high               0.978691  0.975021  1.000000  0.981187  0.266838  0.330801   \n",
       "low                0.978479  0.979709  0.981187  1.000000  0.219390  0.284936   \n",
       "Neg                0.226359  0.243966  0.266838  0.219390  1.000000 -0.053288   \n",
       "positive           0.299955  0.290895  0.330801  0.284936 -0.053288  1.000000   \n",
       "sentiment_words   -0.313309 -0.316069 -0.339162 -0.352950  0.121639 -0.235923   \n",
       "final_sentiment    0.045647 -0.009868  0.000097  0.008623 -0.689320  0.411226   \n",
       "\n",
       "                 sentiment_words  final_sentiment  \n",
       "open_price             -0.313309         0.045647  \n",
       "Last                   -0.316069        -0.009868  \n",
       "high                   -0.339162         0.000097  \n",
       "low                    -0.352950         0.008623  \n",
       "Neg                     0.121639        -0.689320  \n",
       "positive               -0.235923         0.411226  \n",
       "sentiment_words         1.000000        -0.103980  \n",
       "final_sentiment        -0.103980         1.000000  "
      ]
     },
     "execution_count": 29,
     "metadata": {},
     "output_type": "execute_result"
    },
    {
     "name": "stdout",
     "output_type": "stream",
     "text": [
      "Corellation for Citigroup\n"
     ]
    },
    {
     "data": {
      "text/html": [
       "<div>\n",
       "<style>\n",
       "    .dataframe thead tr:only-child th {\n",
       "        text-align: right;\n",
       "    }\n",
       "\n",
       "    .dataframe thead th {\n",
       "        text-align: left;\n",
       "    }\n",
       "\n",
       "    .dataframe tbody tr th {\n",
       "        vertical-align: top;\n",
       "    }\n",
       "</style>\n",
       "<table border=\"1\" class=\"dataframe\">\n",
       "  <thead>\n",
       "    <tr style=\"text-align: right;\">\n",
       "      <th></th>\n",
       "      <th>open_price</th>\n",
       "      <th>Last</th>\n",
       "      <th>high</th>\n",
       "      <th>low</th>\n",
       "      <th>Neg</th>\n",
       "      <th>positive</th>\n",
       "      <th>sentiment_words</th>\n",
       "      <th>final_sentiment</th>\n",
       "    </tr>\n",
       "  </thead>\n",
       "  <tbody>\n",
       "    <tr>\n",
       "      <th>open_price</th>\n",
       "      <td>1.000000</td>\n",
       "      <td>0.801667</td>\n",
       "      <td>0.924777</td>\n",
       "      <td>0.909768</td>\n",
       "      <td>0.260331</td>\n",
       "      <td>-0.284917</td>\n",
       "      <td>0.048225</td>\n",
       "      <td>-0.338601</td>\n",
       "    </tr>\n",
       "    <tr>\n",
       "      <th>Last</th>\n",
       "      <td>0.801667</td>\n",
       "      <td>1.000000</td>\n",
       "      <td>0.894791</td>\n",
       "      <td>0.928758</td>\n",
       "      <td>0.229629</td>\n",
       "      <td>-0.129389</td>\n",
       "      <td>0.077644</td>\n",
       "      <td>-0.175340</td>\n",
       "    </tr>\n",
       "    <tr>\n",
       "      <th>high</th>\n",
       "      <td>0.924777</td>\n",
       "      <td>0.894791</td>\n",
       "      <td>1.000000</td>\n",
       "      <td>0.891299</td>\n",
       "      <td>0.209618</td>\n",
       "      <td>-0.231994</td>\n",
       "      <td>0.132814</td>\n",
       "      <td>-0.306678</td>\n",
       "    </tr>\n",
       "    <tr>\n",
       "      <th>low</th>\n",
       "      <td>0.909768</td>\n",
       "      <td>0.928758</td>\n",
       "      <td>0.891299</td>\n",
       "      <td>1.000000</td>\n",
       "      <td>0.310976</td>\n",
       "      <td>-0.181304</td>\n",
       "      <td>0.056986</td>\n",
       "      <td>-0.253291</td>\n",
       "    </tr>\n",
       "    <tr>\n",
       "      <th>Neg</th>\n",
       "      <td>0.260331</td>\n",
       "      <td>0.229629</td>\n",
       "      <td>0.209618</td>\n",
       "      <td>0.310976</td>\n",
       "      <td>1.000000</td>\n",
       "      <td>0.019497</td>\n",
       "      <td>-0.136166</td>\n",
       "      <td>-0.701423</td>\n",
       "    </tr>\n",
       "    <tr>\n",
       "      <th>positive</th>\n",
       "      <td>-0.284917</td>\n",
       "      <td>-0.129389</td>\n",
       "      <td>-0.231994</td>\n",
       "      <td>-0.181304</td>\n",
       "      <td>0.019497</td>\n",
       "      <td>1.000000</td>\n",
       "      <td>0.219307</td>\n",
       "      <td>0.426299</td>\n",
       "    </tr>\n",
       "    <tr>\n",
       "      <th>sentiment_words</th>\n",
       "      <td>0.048225</td>\n",
       "      <td>0.077644</td>\n",
       "      <td>0.132814</td>\n",
       "      <td>0.056986</td>\n",
       "      <td>-0.136166</td>\n",
       "      <td>0.219307</td>\n",
       "      <td>1.000000</td>\n",
       "      <td>0.170561</td>\n",
       "    </tr>\n",
       "    <tr>\n",
       "      <th>final_sentiment</th>\n",
       "      <td>-0.338601</td>\n",
       "      <td>-0.175340</td>\n",
       "      <td>-0.306678</td>\n",
       "      <td>-0.253291</td>\n",
       "      <td>-0.701423</td>\n",
       "      <td>0.426299</td>\n",
       "      <td>0.170561</td>\n",
       "      <td>1.000000</td>\n",
       "    </tr>\n",
       "  </tbody>\n",
       "</table>\n",
       "</div>"
      ],
      "text/plain": [
       "                 open_price      Last      high       low       Neg  positive  \\\n",
       "open_price         1.000000  0.801667  0.924777  0.909768  0.260331 -0.284917   \n",
       "Last               0.801667  1.000000  0.894791  0.928758  0.229629 -0.129389   \n",
       "high               0.924777  0.894791  1.000000  0.891299  0.209618 -0.231994   \n",
       "low                0.909768  0.928758  0.891299  1.000000  0.310976 -0.181304   \n",
       "Neg                0.260331  0.229629  0.209618  0.310976  1.000000  0.019497   \n",
       "positive          -0.284917 -0.129389 -0.231994 -0.181304  0.019497  1.000000   \n",
       "sentiment_words    0.048225  0.077644  0.132814  0.056986 -0.136166  0.219307   \n",
       "final_sentiment   -0.338601 -0.175340 -0.306678 -0.253291 -0.701423  0.426299   \n",
       "\n",
       "                 sentiment_words  final_sentiment  \n",
       "open_price              0.048225        -0.338601  \n",
       "Last                    0.077644        -0.175340  \n",
       "high                    0.132814        -0.306678  \n",
       "low                     0.056986        -0.253291  \n",
       "Neg                    -0.136166        -0.701423  \n",
       "positive                0.219307         0.426299  \n",
       "sentiment_words         1.000000         0.170561  \n",
       "final_sentiment         0.170561         1.000000  "
      ]
     },
     "execution_count": 29,
     "metadata": {},
     "output_type": "execute_result"
    },
    {
     "name": "stdout",
     "output_type": "stream",
     "text": [
      "Corellation for chase\n"
     ]
    },
    {
     "data": {
      "text/html": [
       "<div>\n",
       "<style>\n",
       "    .dataframe thead tr:only-child th {\n",
       "        text-align: right;\n",
       "    }\n",
       "\n",
       "    .dataframe thead th {\n",
       "        text-align: left;\n",
       "    }\n",
       "\n",
       "    .dataframe tbody tr th {\n",
       "        vertical-align: top;\n",
       "    }\n",
       "</style>\n",
       "<table border=\"1\" class=\"dataframe\">\n",
       "  <thead>\n",
       "    <tr style=\"text-align: right;\">\n",
       "      <th></th>\n",
       "      <th>open_price</th>\n",
       "      <th>Last</th>\n",
       "      <th>high</th>\n",
       "      <th>low</th>\n",
       "      <th>Neg</th>\n",
       "      <th>positive</th>\n",
       "      <th>sentiment_words</th>\n",
       "      <th>final_sentiment</th>\n",
       "    </tr>\n",
       "  </thead>\n",
       "  <tbody>\n",
       "    <tr>\n",
       "      <th>open_price</th>\n",
       "      <td>1.000000</td>\n",
       "      <td>0.722403</td>\n",
       "      <td>0.907581</td>\n",
       "      <td>0.841078</td>\n",
       "      <td>0.061767</td>\n",
       "      <td>-0.218555</td>\n",
       "      <td>-0.371214</td>\n",
       "      <td>-0.221903</td>\n",
       "    </tr>\n",
       "    <tr>\n",
       "      <th>Last</th>\n",
       "      <td>0.722403</td>\n",
       "      <td>1.000000</td>\n",
       "      <td>0.846627</td>\n",
       "      <td>0.915430</td>\n",
       "      <td>0.233057</td>\n",
       "      <td>-0.238439</td>\n",
       "      <td>-0.115260</td>\n",
       "      <td>-0.124664</td>\n",
       "    </tr>\n",
       "    <tr>\n",
       "      <th>high</th>\n",
       "      <td>0.907581</td>\n",
       "      <td>0.846627</td>\n",
       "      <td>1.000000</td>\n",
       "      <td>0.847088</td>\n",
       "      <td>0.113206</td>\n",
       "      <td>-0.272610</td>\n",
       "      <td>-0.311209</td>\n",
       "      <td>-0.175348</td>\n",
       "    </tr>\n",
       "    <tr>\n",
       "      <th>low</th>\n",
       "      <td>0.841078</td>\n",
       "      <td>0.915430</td>\n",
       "      <td>0.847088</td>\n",
       "      <td>1.000000</td>\n",
       "      <td>0.192137</td>\n",
       "      <td>-0.270810</td>\n",
       "      <td>-0.208010</td>\n",
       "      <td>-0.211327</td>\n",
       "    </tr>\n",
       "    <tr>\n",
       "      <th>Neg</th>\n",
       "      <td>0.061767</td>\n",
       "      <td>0.233057</td>\n",
       "      <td>0.113206</td>\n",
       "      <td>0.192137</td>\n",
       "      <td>1.000000</td>\n",
       "      <td>-0.301620</td>\n",
       "      <td>0.273644</td>\n",
       "      <td>-0.621718</td>\n",
       "    </tr>\n",
       "    <tr>\n",
       "      <th>positive</th>\n",
       "      <td>-0.218555</td>\n",
       "      <td>-0.238439</td>\n",
       "      <td>-0.272610</td>\n",
       "      <td>-0.270810</td>\n",
       "      <td>-0.301620</td>\n",
       "      <td>1.000000</td>\n",
       "      <td>0.012178</td>\n",
       "      <td>0.562385</td>\n",
       "    </tr>\n",
       "    <tr>\n",
       "      <th>sentiment_words</th>\n",
       "      <td>-0.371214</td>\n",
       "      <td>-0.115260</td>\n",
       "      <td>-0.311209</td>\n",
       "      <td>-0.208010</td>\n",
       "      <td>0.273644</td>\n",
       "      <td>0.012178</td>\n",
       "      <td>1.000000</td>\n",
       "      <td>-0.048582</td>\n",
       "    </tr>\n",
       "    <tr>\n",
       "      <th>final_sentiment</th>\n",
       "      <td>-0.221903</td>\n",
       "      <td>-0.124664</td>\n",
       "      <td>-0.175348</td>\n",
       "      <td>-0.211327</td>\n",
       "      <td>-0.621718</td>\n",
       "      <td>0.562385</td>\n",
       "      <td>-0.048582</td>\n",
       "      <td>1.000000</td>\n",
       "    </tr>\n",
       "  </tbody>\n",
       "</table>\n",
       "</div>"
      ],
      "text/plain": [
       "                 open_price      Last      high       low       Neg  positive  \\\n",
       "open_price         1.000000  0.722403  0.907581  0.841078  0.061767 -0.218555   \n",
       "Last               0.722403  1.000000  0.846627  0.915430  0.233057 -0.238439   \n",
       "high               0.907581  0.846627  1.000000  0.847088  0.113206 -0.272610   \n",
       "low                0.841078  0.915430  0.847088  1.000000  0.192137 -0.270810   \n",
       "Neg                0.061767  0.233057  0.113206  0.192137  1.000000 -0.301620   \n",
       "positive          -0.218555 -0.238439 -0.272610 -0.270810 -0.301620  1.000000   \n",
       "sentiment_words   -0.371214 -0.115260 -0.311209 -0.208010  0.273644  0.012178   \n",
       "final_sentiment   -0.221903 -0.124664 -0.175348 -0.211327 -0.621718  0.562385   \n",
       "\n",
       "                 sentiment_words  final_sentiment  \n",
       "open_price             -0.371214        -0.221903  \n",
       "Last                   -0.115260        -0.124664  \n",
       "high                   -0.311209        -0.175348  \n",
       "low                    -0.208010        -0.211327  \n",
       "Neg                     0.273644        -0.621718  \n",
       "positive                0.012178         0.562385  \n",
       "sentiment_words         1.000000        -0.048582  \n",
       "final_sentiment        -0.048582         1.000000  "
      ]
     },
     "execution_count": 29,
     "metadata": {},
     "output_type": "execute_result"
    },
    {
     "name": "stdout",
     "output_type": "stream",
     "text": [
      "Corellation for Bank of America\n"
     ]
    },
    {
     "data": {
      "text/html": [
       "<div>\n",
       "<style>\n",
       "    .dataframe thead tr:only-child th {\n",
       "        text-align: right;\n",
       "    }\n",
       "\n",
       "    .dataframe thead th {\n",
       "        text-align: left;\n",
       "    }\n",
       "\n",
       "    .dataframe tbody tr th {\n",
       "        vertical-align: top;\n",
       "    }\n",
       "</style>\n",
       "<table border=\"1\" class=\"dataframe\">\n",
       "  <thead>\n",
       "    <tr style=\"text-align: right;\">\n",
       "      <th></th>\n",
       "      <th>open_price</th>\n",
       "      <th>Last</th>\n",
       "      <th>high</th>\n",
       "      <th>low</th>\n",
       "      <th>Neg</th>\n",
       "      <th>positive</th>\n",
       "      <th>sentiment_words</th>\n",
       "      <th>final_sentiment</th>\n",
       "    </tr>\n",
       "  </thead>\n",
       "  <tbody>\n",
       "    <tr>\n",
       "      <th>open_price</th>\n",
       "      <td>1.000000</td>\n",
       "      <td>0.705152</td>\n",
       "      <td>0.880074</td>\n",
       "      <td>0.890312</td>\n",
       "      <td>-0.182771</td>\n",
       "      <td>-0.168176</td>\n",
       "      <td>0.093852</td>\n",
       "      <td>0.156520</td>\n",
       "    </tr>\n",
       "    <tr>\n",
       "      <th>Last</th>\n",
       "      <td>0.705152</td>\n",
       "      <td>1.000000</td>\n",
       "      <td>0.846060</td>\n",
       "      <td>0.899533</td>\n",
       "      <td>-0.113325</td>\n",
       "      <td>-0.019974</td>\n",
       "      <td>0.086483</td>\n",
       "      <td>0.167768</td>\n",
       "    </tr>\n",
       "    <tr>\n",
       "      <th>high</th>\n",
       "      <td>0.880074</td>\n",
       "      <td>0.846060</td>\n",
       "      <td>1.000000</td>\n",
       "      <td>0.872333</td>\n",
       "      <td>-0.141191</td>\n",
       "      <td>-0.107905</td>\n",
       "      <td>0.075823</td>\n",
       "      <td>0.135465</td>\n",
       "    </tr>\n",
       "    <tr>\n",
       "      <th>low</th>\n",
       "      <td>0.890312</td>\n",
       "      <td>0.899533</td>\n",
       "      <td>0.872333</td>\n",
       "      <td>1.000000</td>\n",
       "      <td>-0.106328</td>\n",
       "      <td>-0.105462</td>\n",
       "      <td>0.102369</td>\n",
       "      <td>0.165865</td>\n",
       "    </tr>\n",
       "    <tr>\n",
       "      <th>Neg</th>\n",
       "      <td>-0.182771</td>\n",
       "      <td>-0.113325</td>\n",
       "      <td>-0.141191</td>\n",
       "      <td>-0.106328</td>\n",
       "      <td>1.000000</td>\n",
       "      <td>0.076761</td>\n",
       "      <td>-0.007631</td>\n",
       "      <td>-0.655726</td>\n",
       "    </tr>\n",
       "    <tr>\n",
       "      <th>positive</th>\n",
       "      <td>-0.168176</td>\n",
       "      <td>-0.019974</td>\n",
       "      <td>-0.107905</td>\n",
       "      <td>-0.105462</td>\n",
       "      <td>0.076761</td>\n",
       "      <td>1.000000</td>\n",
       "      <td>0.116365</td>\n",
       "      <td>0.381185</td>\n",
       "    </tr>\n",
       "    <tr>\n",
       "      <th>sentiment_words</th>\n",
       "      <td>0.093852</td>\n",
       "      <td>0.086483</td>\n",
       "      <td>0.075823</td>\n",
       "      <td>0.102369</td>\n",
       "      <td>-0.007631</td>\n",
       "      <td>0.116365</td>\n",
       "      <td>1.000000</td>\n",
       "      <td>0.230623</td>\n",
       "    </tr>\n",
       "    <tr>\n",
       "      <th>final_sentiment</th>\n",
       "      <td>0.156520</td>\n",
       "      <td>0.167768</td>\n",
       "      <td>0.135465</td>\n",
       "      <td>0.165865</td>\n",
       "      <td>-0.655726</td>\n",
       "      <td>0.381185</td>\n",
       "      <td>0.230623</td>\n",
       "      <td>1.000000</td>\n",
       "    </tr>\n",
       "  </tbody>\n",
       "</table>\n",
       "</div>"
      ],
      "text/plain": [
       "                 open_price      Last      high       low       Neg  positive  \\\n",
       "open_price         1.000000  0.705152  0.880074  0.890312 -0.182771 -0.168176   \n",
       "Last               0.705152  1.000000  0.846060  0.899533 -0.113325 -0.019974   \n",
       "high               0.880074  0.846060  1.000000  0.872333 -0.141191 -0.107905   \n",
       "low                0.890312  0.899533  0.872333  1.000000 -0.106328 -0.105462   \n",
       "Neg               -0.182771 -0.113325 -0.141191 -0.106328  1.000000  0.076761   \n",
       "positive          -0.168176 -0.019974 -0.107905 -0.105462  0.076761  1.000000   \n",
       "sentiment_words    0.093852  0.086483  0.075823  0.102369 -0.007631  0.116365   \n",
       "final_sentiment    0.156520  0.167768  0.135465  0.165865 -0.655726  0.381185   \n",
       "\n",
       "                 sentiment_words  final_sentiment  \n",
       "open_price              0.093852         0.156520  \n",
       "Last                    0.086483         0.167768  \n",
       "high                    0.075823         0.135465  \n",
       "low                     0.102369         0.165865  \n",
       "Neg                    -0.007631        -0.655726  \n",
       "positive                0.116365         0.381185  \n",
       "sentiment_words         1.000000         0.230623  \n",
       "final_sentiment         0.230623         1.000000  "
      ]
     },
     "execution_count": 29,
     "metadata": {},
     "output_type": "execute_result"
    }
   ],
   "source": [
    "a=[]\n",
    "#Opening the file and reading data\n",
    "with open('final_stock.csv', \"r\",encoding=\"Latin1\") as f:\n",
    "    data=csv.reader(f, delimiter=',')\n",
    "    Date,PX_OPEN,PX_HIGH,PX_LOW,PX_LAST,PX_VOLUME,company,article,lable=zip(*data)\n",
    "    \n",
    "    date=list(Date[1:])\n",
    "    pxopen=list(PX_OPEN[1:])\n",
    "    pxhigh=list(PX_HIGH[1:])\n",
    "    pxlow=list(PX_LOW[1:])\n",
    "    pxlast=(PX_LAST[1:])\n",
    "    pxvol=list(PX_VOLUME[1:])\n",
    "    company=list(company[1:])\n",
    "    news=list(article[1:])\n",
    "    sent=list(lable[1:])\n",
    "    sentiment_new=[]\n",
    "    #NLTK Sentiment Analyzer - Vader\n",
    "    sid = SentimentIntensityAnalyzer()\n",
    "    for news1 in news:\n",
    "        ss = sid.polarity_scores(news1)\n",
    "        sentiment_new.append(ss)\n",
    "\n",
    "    negative = [val['neg'] for val in sentiment_new]\n",
    "    positive = [val['pos'] for val in sentiment_new]\n",
    "    #neutral = [val['neu'] for val in sentiment_new]\n",
    "    compound = [val['compound'] for val in sentiment_new]\n",
    "\n",
    "\n",
    "    data1 = {'date':date,'Article':news,'open_price':pxopen,'high':pxhigh,'low':pxlow,'Last':pxlast,'Neg':negative,'positive':positive,'company':company,'sentiment_words':sent,}\n",
    "    df_senti = pd.DataFrame(data1)\n",
    "    cols = df_senti.columns.tolist()\n",
    "    cols1 = [ 'date','Article','open_price', 'Last', 'high', 'low','Neg', 'positive','sentiment_words','company']\n",
    "    df_senti=df_senti[cols1]\n",
    "    df_senti['sentiment_nltk'] = df_senti[['positive','Neg']].idxmax(axis=1)\n",
    "    df_senti['final_sentiment'] = np.where(df_senti['sentiment_nltk']=='positive', 2, 1)\n",
    "    #df_senti.to_csv('final_data_new_sentiment.csv')\n",
    "\n",
    "\n",
    "    #Changing the format of numbers to numeric for corellation to work\n",
    "    df_senti[['open_price','Last','high','low','final_sentiment','sentiment_words']] = df_senti[['open_price','Last','high','low','final_sentiment','sentiment_words']].apply(pd.to_numeric)\n",
    "\n",
    "    #Changing format of date to plot the sentiments \n",
    "    df_senti['date'] =  pd.to_datetime(df_senti['date'])\n",
    "\n",
    "    #Getting corellation for all the companies \n",
    "    list_to_use1 = ['Wells fargo','Citigroup','chase','Bank of America']\n",
    "    for company in list_to_use1:\n",
    "        data_use = df_senti[df_senti['company'] == company.lower()]\n",
    "        print(\"Corellation for \" + company)\n",
    "        data_use.corr()\n",
    "\n",
    "    \n",
    "\n"
   ]
  },
  {
   "cell_type": "code",
   "execution_count": 30,
   "metadata": {},
   "outputs": [
    {
     "name": "stdout",
     "output_type": "stream",
     "text": [
      "                                  Last  final_sentiment  sentiment_words\n",
      "company         date                                                    \n",
      "HSBC            2018-03-01   53.593333         2.000000         0.333333\n",
      "                2018-03-02   47.610000         2.000000         0.000000\n",
      "                2018-03-05   49.160000         2.000000         0.600000\n",
      "                2018-03-06   49.352500         2.000000         0.666667\n",
      "                2018-03-07   50.714286         2.000000         0.571429\n",
      "                2018-03-08   52.020000         2.000000         0.000000\n",
      "                2018-03-09   49.423333         2.000000         0.333333\n",
      "                2018-03-13   51.214000         2.000000         0.900000\n",
      "                2018-03-15   51.530000         1.500000         1.000000\n",
      "bank of america 2018-02-20   32.140000         1.666667         0.666667\n",
      "                2018-02-23   31.950000         1.500000         0.500000\n",
      "                2018-02-27   32.530000         1.750000         0.250000\n",
      "                2018-03-01   32.120000         2.000000         0.000000\n",
      "                2018-03-06   31.445833         1.833333         0.666667\n",
      "                2018-03-09   31.096667         1.500000         0.666667\n",
      "                2018-03-12   31.736667         1.666667         1.000000\n",
      "                2018-03-13   32.068000         1.800000         0.600000\n",
      "                2018-03-14   30.903333         1.666667         0.333333\n",
      "                2018-03-15   32.225000         2.000000         1.000000\n",
      "chase           2018-02-21  113.375000         2.000000         0.500000\n",
      "                2018-02-22  118.770000         1.000000         0.000000\n",
      "                2018-02-26  115.095000         2.000000         0.000000\n",
      "                2018-02-28  116.430000         2.000000         0.500000\n",
      "                2018-03-02  114.945000         2.000000         0.000000\n",
      "                2018-03-05  114.260000         2.000000         0.500000\n",
      "                2018-03-06  113.316667         1.333333         0.333333\n",
      "                2018-03-07  116.672500         2.000000         0.500000\n",
      "                2018-03-08  113.585000         2.000000         1.000000\n",
      "                2018-03-12  110.632500         1.750000         0.500000\n",
      "                2018-03-13  115.073333         1.333333         1.000000\n",
      "                2018-03-15  113.195000         1.500000         0.666667\n",
      "citigroup       2018-02-22   76.710000         2.000000         1.000000\n",
      "                2018-02-27   74.970000         2.000000         1.000000\n",
      "                2018-02-28   73.680000         2.000000         1.000000\n",
      "                2018-03-01   72.700000         2.000000         1.000000\n",
      "                2018-03-02   79.200000         1.000000         0.000000\n",
      "                2018-03-05   76.640000         1.500000         1.000000\n",
      "                2018-03-06   72.467200         1.750000         0.250000\n",
      "                2018-03-07   77.080000         2.000000         1.000000\n",
      "                2018-03-08   77.000000         2.000000         1.000000\n",
      "                2018-03-09   73.952500         1.625000         0.625000\n",
      "                2018-03-12   74.053333         2.000000         0.333333\n",
      "                2018-03-13   76.675000         1.500000         0.500000\n",
      "                2018-03-14   75.142857         1.428571         0.714286\n",
      "                2018-03-15   74.575000         2.000000         1.000000\n",
      "wells fargo     2018-03-06   59.461111         1.666667         0.444444\n",
      "                2018-03-07   57.540000         2.000000         0.750000\n",
      "                2018-03-08   64.790000         2.000000         0.000000\n",
      "                2018-03-13   52.080000         2.000000         0.000000\n",
      "                2018-03-14   56.087000         1.600000         0.800000\n",
      "                2018-03-15   56.835000         2.000000         0.666667\n"
     ]
    }
   ],
   "source": [
    "data_grpby = df_senti.groupby(['company','date'])['Last','final_sentiment','sentiment_words'].mean()\n",
    "print(data_grpby)"
   ]
  },
  {
   "cell_type": "code",
   "execution_count": 46,
   "metadata": {
    "scrolled": false
   },
   "outputs": [
    {
     "data": {
      "text/plain": [
       "[<matplotlib.lines.Line2D at 0x1d790d2fd30>]"
      ]
     },
     "execution_count": 46,
     "metadata": {},
     "output_type": "execute_result"
    },
    {
     "data": {
      "text/plain": [
       "<matplotlib.text.Text at 0x1d7914d1320>"
      ]
     },
     "execution_count": 46,
     "metadata": {},
     "output_type": "execute_result"
    },
    {
     "data": {
      "text/plain": [
       "[<matplotlib.lines.Line2D at 0x1d792670eb8>]"
      ]
     },
     "execution_count": 46,
     "metadata": {},
     "output_type": "execute_result"
    },
    {
     "data": {
      "text/plain": [
       "<matplotlib.text.Text at 0x1d791625c88>"
      ]
     },
     "execution_count": 46,
     "metadata": {},
     "output_type": "execute_result"
    },
    {
     "name": "stdout",
     "output_type": "stream",
     "text": [
      "Wells fargo\n"
     ]
    },
    {
     "data": {
